,downward,upward
downward,21,3
upward,32,4
